01 04 2e 00 2f 00 20 00 34 00 00 00 05 00 0e 00 00 00 01 00 11 00 00 00 01 00 25 00 00 00 00 00 00 00 00 00 00 00 00 00 00 00 00 00 00 01 07 00 00 bb 07 
01 04 2e 00 2f 00 20 00 34 00 00 00 07 00 5e 00 00 00 03 00 6a 00 00 00 02 00 34 00 00 00 00 00 00 00 00 00 00 00 00 00 00 00 00 00 00 01 07 00 00 8e 2c 
01 04 2e 00 2f 00 20 00 34 00 05 00 2e 03 d9 00 05 00 51 02 36 00 09 00 22 01 0f 00 00 00 00 00 00 00 00 00 00 00 00 00 00 00 00 00 00 01 07 00 00 85 47 
01 04 2e 00 2f 00 20 00 34 00 07 00 71 03 92 00 0c 00 80 02 76 00 13 00 60 00 f2 00 00 00 00 00 00 00 00 00 00 00 00 00 00 00 00 00 00 01 07 00 00 8a 73 
01 04 2e 00 2f 00 20 00 34 00 08 00 90 01 cc 00 15 00 be 02 57 00 1c 00 82 03 5f 00 00 00 00 00 00 00 00 00 00 00 00 00 00 00 00 00 00 01 07 00 00 c3 6b 
01 04 2e 00 2f 00 20 00 34 00 0c 00 a0 01 48 00 16 00 b1 01 c6 00 1a 00 81 02 99 00 00 00 00 00 00 00 00 00 00 00 00 00 00 00 00 00 00 01 07 00 00 e6 8a 
01 04 2e 00 2f 00 20 00 34 00 12 00 e5 03 5b 00 1b 00 a9 04 61 00 13 00 d9 05 c3 00 00 00 00 00 00 00 00 00 00 00 00 00 00 00 00 00 00 01 07 00 00 78 fb 
01 04 2e 00 2f 00 20 00 34 00 17 00 c8 03 8e 00 13 00 bd 03 c5 00 08 00 a3 03 29 00 00 00 00 00 00 00 00 00 00 00 00 00 00 00 00 00 00 01 07 00 00 9c cd 
01 04 2e 00 2f 00 20 00 34 00 11 00 77 00 e1 00 14 00 a9 02 10 00 08 00 f2 04 50 00 00 00 00 00 00 00 00 00 00 00 00 00 00 00 00 00 00 01 07 00 00 14 6f 
01 04 2e 00 2f 00 20 00 34 00 18 00 87 00 e4 00 0f 00 b1 01 15 00 05 00 b4 03 d4 00 00 00 00 00 00 00 00 00 00 00 00 00 00 00 00 00 00 01 07 00 00 f1 f5 
01 04 2e 00 2f 00 2a 00 34 00 14 00 97 01 0e 00 0d 00 a9 02 56 00 04 00 b0 04 8e 00 00 00 00 00 00 00 00 00 00 00 00 00 00 00 00 00 00 01 07 00 00 66 4f 
01 04 2e 00 2f 00 2a 00 34 00 10 00 82 01 50 00 0e 00 93 02 1c 00 03 00 6a 02 cf 00 00 00 00 00 00 00 00 00 00 00 00 00 00 00 00 00 00 01 07 00 00 15 4b 
01 04 2e 00 2f 00 2a 00 34 00 0f 00 c4 02 34 00 0b 00 e8 02 f2 00 02 00 6a 02 f0 00 00 00 00 00 00 00 00 00 00 00 00 00 00 00 00 00 00 01 07 00 00 11 5e 
01 04 2e 00 2f 00 2a 00 34 00 1d 00 50 01 65 00 18 00 dc 01 b5 00 04 00 6f 05 8a 00 00 00 00 00 00 00 00 00 00 00 00 00 00 00 00 00 00 01 07 00 00 50 fd 
01 04 2e 00 2f 00 2a 00 34 00 24 00 4a 01 37 00 46 00 74 01 57 00 35 00 83 03 2d 00 00 00 00 00 00 00 00 00 00 00 00 00 00 00 00 00 00 01 07 00 00 b8 ac 
01 04 2e 00 2f 00 2a 00 34 00 56 01 b3 06 d4 00 c2 01 ce 09 d1 00 7a 01 6d 0a bb 00 00 00 00 00 00 00 00 00 00 00 01 00 00 00 00 00 01 01 07 00 00 b7 b5 
01 04 2e 00 2f 00 2a 00 34 00 44 01 66 08 1f 00 b0 01 cd 08 5c 00 50 01 6e 06 8e 00 00 00 00 00 01 00 00 00 00 00 01 00 00 00 00 00 00 01 07 00 00 fc b1 
01 04 2e 00 2f 00 2a 00 34 00 17 00 b1 03 ba 00 2f 00 f5 03 a0 00 14 00 ae 04 f0 00 00 00 00 00 00 00 00 00 00 00 00 00 00 00 00 00 00 01 07 00 00 04 59 
01 04 2e 00 2f 00 2a 00 34 00 0d 00 a1 01 3b 00 10 00 ad 04 4b 00 05 00 5c 02 2e 00 00 00 00 00 00 00 00 00 00 00 00 00 00 00 00 00 00 01 07 00 00 e8 ec 
01 04 2e 00 2f 00 2a 00 34 00 09 00 a1 01 23 00 08 00 95 01 df 00 00 00 2c 03 0e 00 00 00 00 00 00 00 00 00 00 00 00 00 00 00 00 00 00 01 07 00 00 3f 01 
01 04 2e 00 2f 00 60 00 34 00 06 00 7b 02 67 00 05 00 77 01 fc 00 00 00 3c 01 7f 00 00 00 00 00 00 00 00 00 00 00 00 00 00 00 00 00 00 01 07 00 00 d0 5f 
01 04 2e 00 2f 00 60 00 34 00 09 00 76 01 74 00 06 00 88 02 35 00 01 00 30 01 82 00 00 00 00 00 00 00 00 00 00 00 00 00 00 00 00 00 00 01 07 00 00 57 b4 
01 04 2e 00 2f 00 60 00 34 00 0b 00 94 02 f6 00 0a 00 b3 05 44 00 02 00 61 05 37 00 00 00 00 00 00 00 00 00 00 00 00 00 00 00 00 00 00 01 07 00 00 0c f8 
01 04 2e 00 2f 00 60 00 34 00 14 00 dd 01 55 00 12 00 fe 04 70 00 07 00 c2 03 c1 00 00 00 00 00 00 00 00 00 00 00 00 00 00 00 00 00 00 01 07 00 00 11 9d 
01 04 2e 00 2f 00 60 00 34 00 0f 00 ba 01 e8 00 0f 00 a5 02 ad 00 0b 00 c8 01 40 00 00 00 00 00 00 00 00 00 00 00 00 00 00 00 00 00 00 01 07 00 00 d2 d1 
01 04 2e 00 2f 00 60 00 34 00 0d 00 94 03 37 00 0e 00 c4 02 8b 00 0b 00 ad 02 3b 00 00 00 00 00 00 00 00 00 00 00 00 00 00 00 00 00 00 01 07 00 00 d5 bc 
01 04 2e 00 2f 00 60 00 34 00 10 00 a3 02 33 00 0e 00 9f 01 ab 00 0b 00 7f 02 12 00 00 00 00 00 00 00 00 00 00 00 00 00 00 00 00 00 00 01 07 00 00 6a b4 
01 04 2e 00 2f 00 60 00 34 00 0c 00 c1 01 6f 00 09 00 d0 03 4c 00 0a 00 c1 03 0f 00 00 00 00 00 00 00 00 00 00 00 00 00 00 00 00 00 00 01 07 00 00 a3 5b 
01 04 2e 00 2f 00 60 00 2b 00 0d 00 b3 01 38 00 0d 00 bf 01 7b 00 09 00 ad 01 69 00 00 00 00 00 00 00 00 00 00 00 00 00 00 00 00 00 00 01 07 00 00 a4 bc 
01 04 2e 00 2f 00 60 00 2b 00 0c 00 b6 01 cb 00 0f 00 9d 01 e9 00 0c 00 9c 01 ed 00 00 00 00 00 00 00 00 00 00 00 00 00 00 00 00 00 00 01 07 00 00 89 ec 
01 04 2e 00 2f 00 60 00 2b 00 0c 00 ba 01 1d 00 10 00 e2 02 0f 00 0b 00 cf 02 24 00 00 00 00 00 00 00 00 00 00 00 00 00 00 00 00 00 00 01 07 00 00 a8 84 
01 04 2e 00 2f 00 60 00 2b 00 0c 00 ef 02 3a 00 16 01 12 05 da 00 19 01 17 05 f8 00 00 00 00 00 00 00 00 00 00 00 00 00 00 00 00 00 00 01 07 00 00 4c 82 
01 04 2e 00 2f 00 60 00 2b 00 08 00 d3 03 79 00 14 00 ff 05 11 00 15 00 f8 04 75 00 00 00 00 00 00 00 00 00 00 00 00 00 00 00 00 00 00 01 07 00 00 ae 46 
01 04 2e 00 2f 00 60 00 2b 00 07 00 a6 02 d1 00 0a 00 a1 02 cf 00 06 00 9d 01 c2 00 00 00 00 00 00 00 00 00 00 00 00 00 00 00 00 00 00 01 07 00 00 f0 8e 
01 04 2e 00 2f 00 60 00 2b 00 06 00 80 02 12 00 08 00 af 02 7d 00 01 00 42 01 e7 00 00 00 00 00 00 00 00 00 00 00 00 00 00 00 00 00 00 01 07 00 00 34 28 
01 04 2e 00 2f 00 60 00 2b 00 07 00 78 02 16 00 0b 00 8c 02 4e 00 00 00 36 03 6f 00 00 00 00 00 00 00 00 00 00 00 00 00 00 00 00 00 00 01 07 00 00 63 5d 
01 04 2e 00 2f 00 60 00 2b 00 07 00 7c 01 3d 00 07 00 6a 01 64 00 01 00 39 01 90 00 00 00 00 00 00 00 00 00 00 00 00 00 00 00 00 00 00 01 07 00 00 95 f9 
01 04 2e 00 2f 00 60 00 2b 00 08 00 7f 00 dd 00 06 00 7c 01 a8 00 01 00 3c 01 31 00 00 00 00 00 00 00 00 00 00 00 00 00 00 00 00 00 00 01 07 00 00 51 44 
01 04 2e 00 2f 00 60 00 2b 00 06 00 86 01 16 00 07 00 90 00 7a 00 00 00 17 02 6e 00 00 00 00 00 00 00 00 00 00 00 00 00 00 00 00 00 00 01 07 00 00 01 68 
01 04 2e 00 2f 00 60 00 2b 00 09 00 ef 03 68 00 07 00 da 00 f8 00 00 00 29 03 4b 00 00 00 00 00 00 00 00 00 00 00 00 00 00 00 00 00 00 01 08 00 00 fe ee 
01 04 2e 00 2f 00 60 00 2b 00 0a 00 9b 00 58 00 0b 00 ae 00 53 00 00 00 3d 02 02 00 00 00 00 00 00 00 00 00 00 00 00 00 00 00 00 00 00 01 08 00 00 a4 b9 
01 04 2e 00 2f 00 4e 00 2b 00 0c 00 ac 00 8d 00 0e 00 aa 00 7f 00 02 00 5d 01 40 00 00 00 00 00 00 00 00 00 00 00 00 00 00 00 00 00 00 01 08 00 00 3d 33 
01 04 2e 00 2f 00 4e 00 2b 00 0e 00 c9 01 38 00 11 00 c9 01 7b 00 01 00 54 02 28 00 00 00 00 00 00 00 00 00 00 00 00 00 00 00 00 00 00 01 08 00 00 e3 d0 
01 04 2e 00 2f 00 4e 00 2b 00 17 00 75 00 d9 00 10 00 94 00 e7 00 06 00 a4 00 89 00 00 00 00 00 00 00 00 00 00 00 00 00 00 00 00 00 00 01 08 00 00 ed 5e 
01 04 2e 00 2f 00 4e 00 2b 00 09 00 44 00 1c 00 07 00 67 00 23 00 02 00 5b 01 03 00 00 00 00 00 00 00 00 00 00 00 00 00 00 00 00 00 00 01 08 00 00 6a fc 
01 04 2e 00 2f 00 4e 00 2b 00 06 00 49 01 04 00 07 00 88 02 a0 00 04 00 6b 00 c5 00 00 00 00 00 00 00 00 00 00 00 00 00 00 00 00 00 00 01 08 00 00 80 d6 
01 04 2e 00 2f 00 4e 00 2b 00 0b 00 41 00 1e 00 0b 00 50 00 2d 00 06 00 98 01 54 00 00 00 00 00 00 00 00 00 00 00 00 00 00 00 00 00 00 01 08 00 00 8e 72 
01 04 2e 00 2f 00 4e 00 2b 00 0b 00 65 00 c6 00 0d 00 7c 00 38 00 08 00 b8 02 34 00 00 00 00 00 00 00 00 00 00 00 00 00 00 00 00 00 00 01 08 00 00 4f 86 
01 04 2e 00 2f 00 4e 00 2b 00 0d 00 8b 01 65 00 10 00 6d 00 7d 00 08 00 be 03 20 00 00 00 00 00 00 00 00 00 00 00 00 00 00 00 00 00 00 01 09 00 00 46 8c 
01 04 2e 00 2f 00 4e 00 2b 00 0b 00 6a 01 3d 00 10 00 98 00 51 00 08 00 7b 00 39 00 00 00 00 00 00 00 00 00 00 00 00 00 00 00 00 00 00 01 09 00 00 14 58 
01 04 2e 00 2f 00 4e 00 2b 00 10 00 68 00 a7 00 0e 00 5a 00 38 00 09 00 76 00 90 00 00 00 00 00 00 00 00 00 00 00 00 00 00 00 00 00 00 01 09 00 00 67 5b 
01 04 2e 00 2f 00 2c 00 2b 00 08 00 8f 00 70 00 0a 00 88 01 e2 00 05 00 73 02 46 00 00 00 00 00 00 00 00 00 00 00 00 00 00 00 00 00 00 01 09 00 00 ee d8 
01 04 2e 00 2f 00 2c 00 2b 00 03 00 61 00 f6 00 0d 00 8d 00 d8 00 05 00 8d 00 d0 00 00 00 00 00 00 00 00 00 00 00 00 00 00 00 00 00 00 01 09 00 00 ec 5d 
01 04 2e 00 2f 00 2c 00 2b 00 02 00 3e 03 52 00 0b 00 c8 03 12 00 03 00 86 03 ce 00 00 00 00 00 00 00 00 00 00 00 00 00 00 00 00 00 00 01 09 00 00 a8 68 
01 04 2e 00 2f 00 2c 00 2b 00 09 00 79 01 98 00 07 00 ac 05 38 00 06 00 91 02 63 00 00 00 00 00 00 00 00 00 00 00 00 00 00 00 00 00 00 01 09 00 00 71 1e 
01 04 2e 00 2f 00 2c 00 2b 00 0a 00 8b 01 e3 00 0e 00 74 01 83 00 05 00 94 00 91 00 00 00 00 00 00 00 00 00 00 00 00 00 00 00 00 00 00 01 09 00 00 6a 2e 
01 04 2e 00 2f 00 2c 00 2b 00 0a 00 8a 00 e3 00 13 00 91 02 90 00 09 00 88 01 4c 00 00 00 00 00 00 00 00 00 00 00 00 00 00 00 00 00 00 01 09 00 00 a7 16 
01 04 2e 00 2f 00 2c 00 2b 00 0d 00 b5 01 4b 00 12 00 86 01 e1 00 06 00 70 01 7c 00 00 00 00 00 00 00 00 00 00 00 00 00 00 00 00 00 00 01 09 00 00 6d 84 
01 04 2e 00 2f 00 2c 00 2b 00 0e 00 70 00 7e 00 12 00 ce 03 1a 00 05 00 9e 01 9d 00 00 00 00 00 00 00 00 00 00 00 00 00 00 00 00 00 00 01 09 00 00 6a 14 
01 04 2e 00 2f 00 2c 00 2b 00 10 00 69 00 b3 00 15 00 80 01 aa 00 04 00 8c 00 98 00 00 00 00 00 00 00 00 00 00 00 00 00 00 00 00 00 00 01 09 00 00 d1 08 


